29.015015063 40.974174242 0.000
29.015015063 40.975015083 0.000
29.015015063 40.975855924 0.000
29.015015063 40.976696765 0.000
29.015015063 40.977537605 0.000
29.015015063 40.978378446 0.000
29.015015063 40.979219287 0.000
29.015015063 40.980060128 0.000
29.015015063 40.980900969 0.000
29.015015063 40.981741810 0.000
29.015015063 40.982582650 0.000
29.015015063 40.983423491 0.000
29.015015063 40.984264332 0.000
29.015015063 40.985105173 0.000
29.015015063 40.985946014 0.000
29.015015063 40.986786855 0.000
29.015015063 40.987627695 0.000
29.015015063 40.988468536 0.000
29.015015063 40.989309377 0.000
29.015015063 40.990150218 0.000
29.015015063 40.990991059 0.000
29.015015063 40.991831900 0.000
29.015015063 40.992672741 0.000
29.015015063 40.993513581 0.000
29.015015063 40.994354422 0.000
29.015015063 40.995195263 0.000
29.015015063 40.996036104 0.000
29.015015063 40.996876945 0.000
29.015015063 40.997717786 0.000
29.015015063 40.998558626 0.000
29.015015063 40.999399467 3.000
29.015843478 40.974174242 0.000
29.015843478 40.975015083 0.000
29.015843478 40.975855924 0.000
29.015843478 40.976696765 0.000
29.015843478 40.977537605 0.000
29.015843478 40.978378446 0.000
29.015843478 40.979219287 0.000
29.015843478 40.980060128 0.000
29.015843478 40.980900969 0.000
29.015843478 40.981741810 0.000
29.015843478 40.982582650 0.000
29.015843478 40.983423491 0.000
29.015843478 40.984264332 0.000
29.015843478 40.985105173 0.000
29.015843478 40.985946014 0.000
29.015843478 40.986786855 0.000
29.015843478 40.987627695 0.000
29.015843478 40.988468536 0.000
29.015843478 40.989309377 0.000
29.015843478 40.990150218 0.000
29.015843478 40.990991059 0.000
29.015843478 40.991831900 0.000
29.015843478 40.992672741 0.000
29.015843478 40.993513581 0.000
29.015843478 40.994354422 0.000
29.015843478 40.995195263 0.000
29.015843478 40.996036104 0.000
29.015843478 40.996876945 0.000
29.015843478 40.997717786 0.000
29.015843478 40.998558626 0.000
29.015843478 40.999399467 1.000
29.016671892 40.974174242 0.000
29.016671892 40.975015083 0.000
29.016671892 40.975855924 0.000
29.016671892 40.976696765 0.000
29.016671892 40.977537605 0.000
29.016671892 40.978378446 0.000
29.016671892 40.979219287 0.000
29.016671892 40.980060128 0.000
29.016671892 40.980900969 0.000
29.016671892 40.981741810 0.000
29.016671892 40.982582650 0.000
29.016671892 40.983423491 0.000
29.016671892 40.984264332 0.000
29.016671892 40.985105173 0.000
29.016671892 40.985946014 0.000
29.016671892 40.986786855 0.000
29.016671892 40.987627695 0.000
29.016671892 40.988468536 0.000
29.016671892 40.989309377 0.000
29.016671892 40.990150218 0.000
29.016671892 40.990991059 0.000
29.016671892 40.991831900 1.000
29.016671892 40.992672741 0.000
29.016671892 40.993513581 0.000
29.016671892 40.994354422 0.000
29.016671892 40.995195263 0.000
29.016671892 40.996036104 0.000
29.016671892 40.996876945 0.000
29.016671892 40.997717786 0.000
29.016671892 40.998558626 0.000
29.016671892 40.999399467 3.000
29.017500307 40.974174242 0.000
29.017500307 40.975015083 0.000
29.017500307 40.975855924 0.000
29.017500307 40.976696765 0.000
29.017500307 40.977537605 0.000
29.017500307 40.978378446 0.000
29.017500307 40.979219287 0.000
29.017500307 40.980060128 0.000
29.017500307 40.980900969 0.000
29.017500307 40.981741810 0.000
29.017500307 40.982582650 0.000
29.017500307 40.983423491 0.000
29.017500307 40.984264332 0.000
29.017500307 40.985105173 0.000
29.017500307 40.985946014 0.000
29.017500307 40.986786855 0.000
29.017500307 40.987627695 0.000
29.017500307 40.988468536 0.000
29.017500307 40.989309377 0.000
29.017500307 40.990150218 2.000
29.017500307 40.990991059 2.000
29.017500307 40.991831900 0.000
29.017500307 40.992672741 0.000
29.017500307 40.993513581 0.000
29.017500307 40.994354422 0.000
29.017500307 40.995195263 0.000
29.017500307 40.996036104 1.000
29.017500307 40.996876945 0.000
29.017500307 40.997717786 0.000
29.017500307 40.998558626 1.000
29.017500307 40.999399467 3.000
29.018328722 40.974174242 0.000
29.018328722 40.975015083 0.000
29.018328722 40.975855924 0.000
29.018328722 40.976696765 0.000
29.018328722 40.977537605 0.000
29.018328722 40.978378446 0.000
29.018328722 40.979219287 0.000
29.018328722 40.980060128 0.000
29.018328722 40.980900969 0.000
29.018328722 40.981741810 0.000
29.018328722 40.982582650 0.000
29.018328722 40.983423491 0.000
29.018328722 40.984264332 0.000
29.018328722 40.985105173 0.000
29.018328722 40.985946014 0.000
29.018328722 40.986786855 0.000
29.018328722 40.987627695 0.000
29.018328722 40.988468536 0.000
29.018328722 40.989309377 2.000
29.018328722 40.990150218 2.000
29.018328722 40.990991059 1.000
29.018328722 40.991831900 -3.000
29.018328722 40.992672741 0.000
29.018328722 40.993513581 0.000
29.018328722 40.994354422 0.000
29.018328722 40.995195263 2.000
29.018328722 40.996036104 7.000
29.018328722 40.996876945 4.000
29.018328722 40.997717786 2.000
29.018328722 40.998558626 4.000
29.018328722 40.999399467 4.000
29.019157136 40.974174242 0.000
29.019157136 40.975015083 0.000
29.019157136 40.975855924 0.000
29.019157136 40.976696765 0.000
29.019157136 40.977537605 0.000
29.019157136 40.978378446 0.000
29.019157136 40.979219287 0.000
29.019157136 40.980060128 0.000
29.019157136 40.980900969 0.000
29.019157136 40.981741810 0.000
29.019157136 40.982582650 0.000
29.019157136 40.983423491 0.000
29.019157136 40.984264332 0.000
29.019157136 40.985105173 0.000
29.019157136 40.985946014 0.000
29.019157136 40.986786855 0.000
29.019157136 40.987627695 0.000
29.019157136 40.988468536 2.000
29.019157136 40.989309377 1.000
29.019157136 40.990150218 1.000
29.019157136 40.990991059 1.000
29.019157136 40.991831900 0.000
29.019157136 40.992672741 0.000
29.019157136 40.993513581 0.000
29.019157136 40.994354422 0.000
29.019157136 40.995195263 3.000
29.019157136 40.996036104 12.000
29.019157136 40.996876945 5.000
29.019157136 40.997717786 3.000
29.019157136 40.998558626 5.000
29.019157136 40.999399467 6.000
29.019985551 40.974174242 0.000
29.019985551 40.975015083 0.000
29.019985551 40.975855924 0.000
29.019985551 40.976696765 0.000
29.019985551 40.977537605 0.000
29.019985551 40.978378446 0.000
29.019985551 40.979219287 0.000
29.019985551 40.980060128 0.000
29.019985551 40.980900969 0.000
29.019985551 40.981741810 4.000
29.019985551 40.982582650 0.000
29.019985551 40.983423491 0.000
29.019985551 40.984264332 0.000
29.019985551 40.985105173 0.000
29.019985551 40.985946014 0.000
29.019985551 40.986786855 -1.000
29.019985551 40.987627695 1.000
29.019985551 40.988468536 1.000
29.019985551 40.989309377 1.000
29.019985551 40.990150218 1.000
29.019985551 40.990991059 1.000
29.019985551 40.991831900 1.000
29.019985551 40.992672741 0.000
29.019985551 40.993513581 0.000
29.019985551 40.994354422 0.000
29.019985551 40.995195263 1.000
29.019985551 40.996036104 6.000
29.019985551 40.996876945 5.000
29.019985551 40.997717786 3.000
29.019985551 40.998558626 4.000
29.019985551 40.999399467 12.000
29.020813965 40.974174242 0.000
29.020813965 40.975015083 0.000
29.020813965 40.975855924 0.000
29.020813965 40.976696765 0.000
29.020813965 40.977537605 0.000
29.020813965 40.978378446 0.000
29.020813965 40.979219287 0.000
29.020813965 40.980060128 5.000
29.020813965 40.980900969 14.000
29.020813965 40.981741810 12.000
29.020813965 40.982582650 8.000
29.020813965 40.983423491 8.000
29.020813965 40.984264332 10.000
29.020813965 40.985105173 13.000
29.020813965 40.985946014 7.000
29.020813965 40.986786855 1.000
29.020813965 40.987627695 2.000
29.020813965 40.988468536 2.000
29.020813965 40.989309377 1.000
29.020813965 40.990150218 1.000
29.020813965 40.990991059 1.000
29.020813965 40.991831900 0.000
29.020813965 40.992672741 0.000
29.020813965 40.993513581 0.000
29.020813965 40.994354422 0.000
29.020813965 40.995195263 0.000
29.020813965 40.996036104 2.000
29.020813965 40.996876945 4.000
29.020813965 40.997717786 4.000
29.020813965 40.998558626 6.000
29.020813965 40.999399467 13.000
29.021642380 40.974174242 0.000
29.021642380 40.975015083 0.000
29.021642380 40.975855924 0.000
29.021642380 40.976696765 0.000
29.021642380 40.977537605 0.000
29.021642380 40.978378446 0.000
29.021642380 40.979219287 7.000
29.021642380 40.980060128 23.000
29.021642380 40.980900969 24.000
29.021642380 40.981741810 21.000
29.021642380 40.982582650 20.000
29.021642380 40.983423491 21.000
29.021642380 40.984264332 27.000
29.021642380 40.985105173 25.000
29.021642380 40.985946014 22.000
29.021642380 40.986786855 14.000
29.021642380 40.987627695 10.000
29.021642380 40.988468536 6.000
29.021642380 40.989309377 5.000
29.021642380 40.990150218 1.000
29.021642380 40.990991059 1.000
29.021642380 40.991831900 0.000
29.021642380 40.992672741 0.000
29.021642380 40.993513581 0.000
29.021642380 40.994354422 0.000
29.021642380 40.995195263 0.000
29.021642380 40.996036104 0.000
29.021642380 40.996876945 2.000
29.021642380 40.997717786 4.000
29.021642380 40.998558626 8.000
29.021642380 40.999399467 17.000
29.022470795 40.974174242 0.000
29.022470795 40.975015083 0.000
29.022470795 40.975855924 0.000
29.022470795 40.976696765 0.000
29.022470795 40.977537605 0.000
29.022470795 40.978378446 0.000
29.022470795 40.979219287 17.000
29.022470795 40.980060128 27.000
29.022470795 40.980900969 28.000
29.022470795 40.981741810 25.000
29.022470795 40.982582650 27.000
29.022470795 40.983423491 30.000
29.022470795 40.984264332 32.000
29.022470795 40.985105173 28.000
29.022470795 40.985946014 26.000
29.022470795 40.986786855 21.000
29.022470795 40.987627695 15.000
29.022470795 40.988468536 10.000
29.022470795 40.989309377 9.000
29.022470795 40.990150218 8.000
29.022470795 40.990991059 3.000
29.022470795 40.991831900 1.000
29.022470795 40.992672741 1.000
29.022470795 40.993513581 0.000
29.022470795 40.994354422 1.000
29.022470795 40.995195263 6.000
29.022470795 40.996036104 3.000
29.022470795 40.996876945 2.000
29.022470795 40.997717786 3.000
29.022470795 40.998558626 5.000
29.022470795 40.999399467 12.000
29.023299209 40.974174242 0.000
29.023299209 40.975015083 0.000
29.023299209 40.975855924 0.000
29.023299209 40.976696765 0.000
29.023299209 40.977537605 0.000
29.023299209 40.978378446 0.000
29.023299209 40.979219287 13.000
29.023299209 40.980060128 22.000
29.023299209 40.980900969 27.000
29.023299209 40.981741810 28.000
29.023299209 40.982582650 29.000
29.023299209 40.983423491 32.000
29.023299209 40.984264332 32.000
29.023299209 40.985105173 29.000
29.023299209 40.985946014 28.000
29.023299209 40.986786855 22.000
29.023299209 40.987627695 15.000
29.023299209 40.988468536 12.000
29.023299209 40.989309377 10.000
29.023299209 40.990150218 8.000
29.023299209 40.990991059 4.000
29.023299209 40.991831900 2.000
29.023299209 40.992672741 2.000
29.023299209 40.993513581 4.000
29.023299209 40.994354422 3.000
29.023299209 40.995195263 2.000
29.023299209 40.996036104 5.000
29.023299209 40.996876945 5.000
29.023299209 40.997717786 3.000
29.023299209 40.998558626 3.000
29.023299209 40.999399467 9.000
29.024127624 40.974174242 0.000
29.024127624 40.975015083 0.000
29.024127624 40.975855924 0.000
29.024127624 40.976696765 0.000
29.024127624 40.977537605 0.000
29.024127624 40.978378446 0.000
29.024127624 40.979219287 7.000
29.024127624 40.980060128 14.000
29.024127624 40.980900969 24.000
29.024127624 40.981741810 30.000
29.024127624 40.982582650 31.000
29.024127624 40.983423491 31.000
29.024127624 40.984264332 32.000
29.024127624 40.985105173 32.000
29.024127624 40.985946014 29.000
29.024127624 40.986786855 25.000
29.024127624 40.987627695 19.000
29.024127624 40.988468536 15.000
29.024127624 40.989309377 14.000
29.024127624 40.990150218 9.000
29.024127624 40.990991059 8.000
29.024127624 40.991831900 4.000
29.024127624 40.992672741 3.000
29.024127624 40.993513581 5.000
29.024127624 40.994354422 2.000
29.024127624 40.995195263 3.000
29.024127624 40.996036104 5.000
29.024127624 40.996876945 5.000
29.024127624 40.997717786 5.000
29.024127624 40.998558626 4.000
29.024127624 40.999399467 6.000
29.024956039 40.974174242 0.000
29.024956039 40.975015083 0.000
29.024956039 40.975855924 0.000
29.024956039 40.976696765 0.000
29.024956039 40.977537605 0.000
29.024956039 40.978378446 0.000
29.024956039 40.979219287 2.000
29.024956039 40.980060128 6.000
29.024956039 40.980900969 22.000
29.024956039 40.981741810 30.000
29.024956039 40.982582650 31.000
29.024956039 40.983423491 33.000
29.024956039 40.984264332 36.000
29.024956039 40.985105173 36.000
29.024956039 40.985946014 32.000
29.024956039 40.986786855 27.000
29.024956039 40.987627695 24.000
29.024956039 40.988468536 20.000
29.024956039 40.989309377 18.000
29.024956039 40.990150218 13.000
29.024956039 40.990991059 9.000
29.024956039 40.991831900 7.000
29.024956039 40.992672741 5.000
29.024956039 40.993513581 7.000
29.024956039 40.994354422 7.000
29.024956039 40.995195263 8.000
29.024956039 40.996036104 9.000
29.024956039 40.996876945 6.000
29.024956039 40.997717786 4.000
29.024956039 40.998558626 4.000
29.024956039 40.999399467 6.000
29.025784453 40.974174242 0.000
29.025784453 40.975015083 0.000
29.025784453 40.975855924 0.000
29.025784453 40.976696765 0.000
29.025784453 40.977537605 0.000
29.025784453 40.978378446 0.000
29.025784453 40.979219287 3.000
29.025784453 40.980060128 7.000
29.025784453 40.980900969 25.000
29.025784453 40.981741810 32.000
29.025784453 40.982582650 33.000
29.025784453 40.983423491 35.000
29.025784453 40.984264332 38.000
29.025784453 40.985105173 37.000
29.025784453 40.985946014 32.000
29.025784453 40.986786855 26.000
29.025784453 40.987627695 28.000
29.025784453 40.988468536 24.000
29.025784453 40.989309377 21.000
29.025784453 40.990150218 16.000
29.025784453 40.990991059 8.000
29.025784453 40.991831900 7.000
29.025784453 40.992672741 7.000
29.025784453 40.993513581 11.000
29.025784453 40.994354422 15.000
29.025784453 40.995195263 16.000
29.025784453 40.996036104 16.000
29.025784453 40.996876945 10.000
29.025784453 40.997717786 5.000
29.025784453 40.998558626 3.000
29.025784453 40.999399467 6.000
29.026612868 40.974174242 0.000
29.026612868 40.975015083 0.000
29.026612868 40.975855924 0.000
29.026612868 40.976696765 0.000
29.026612868 40.977537605 0.000
29.026612868 40.978378446 0.000
29.026612868 40.979219287 0.000
29.026612868 40.980060128 9.000
29.026612868 40.980900969 25.000
29.026612868 40.981741810 33.000
29.026612868 40.982582650 35.000
29.026612868 40.983423491 37.000
29.026612868 40.984264332 38.000
29.026612868 40.985105173 38.000
29.026612868 40.985946014 35.000
29.026612868 40.986786855 32.000
29.026612868 40.987627695 31.000
29.026612868 40.988468536 27.000
29.026612868 40.989309377 24.000
29.026612868 40.990150218 21.000
29.026612868 40.990991059 12.000
29.026612868 40.991831900 13.000
29.026612868 40.992672741 13.000
29.026612868 40.993513581 16.000
29.026612868 40.994354422 20.000
29.026612868 40.995195263 25.000
29.026612868 40.996036104 24.000
29.026612868 40.996876945 17.000
29.026612868 40.997717786 7.000
29.026612868 40.998558626 3.000
29.026612868 40.999399467 6.000
29.027441282 40.974174242 0.000
29.027441282 40.975015083 0.000
29.027441282 40.975855924 0.000
29.027441282 40.976696765 0.000
29.027441282 40.977537605 0.000
29.027441282 40.978378446 0.000
29.027441282 40.979219287 0.000
29.027441282 40.980060128 10.000
29.027441282 40.980900969 25.000
29.027441282 40.981741810 32.000
29.027441282 40.982582650 36.000
29.027441282 40.983423491 37.000
29.027441282 40.984264332 37.000
29.027441282 40.985105173 37.000
29.027441282 40.985946014 36.000
29.027441282 40.986786855 35.000
29.027441282 40.987627695 34.000
29.027441282 40.988468536 31.000
29.027441282 40.989309377 28.000
29.027441282 40.990150218 25.000
29.027441282 40.990991059 18.000
29.027441282 40.991831900 18.000
29.027441282 40.992672741 16.000
29.027441282 40.993513581 20.000
29.027441282 40.994354422 24.000
29.027441282 40.995195263 29.000
29.027441282 40.996036104 29.000
29.027441282 40.996876945 22.000
29.027441282 40.997717786 12.000
29.027441282 40.998558626 5.000
29.027441282 40.999399467 6.000
29.028269697 40.974174242 0.000
29.028269697 40.975015083 0.000
29.028269697 40.975855924 0.000
29.028269697 40.976696765 0.000
29.028269697 40.977537605 0.000
29.028269697 40.978378446 0.000
29.028269697 40.979219287 0.000
29.028269697 40.980060128 9.000
29.028269697 40.980900969 24.000
29.028269697 40.981741810 31.000
29.028269697 40.982582650 35.000
29.028269697 40.983423491 37.000
29.028269697 40.984264332 38.000
29.028269697 40.985105173 35.000
29.028269697 40.985946014 34.000
29.028269697 40.986786855 33.000
29.028269697 40.987627695 34.000
29.028269697 40.988468536 33.000
29.028269697 40.989309377 30.000
29.028269697 40.990150218 24.000
29.028269697 40.990991059 20.000
29.028269697 40.991831900 20.000
29.028269697 40.992672741 20.000
29.028269697 40.993513581 22.000
29.028269697 40.994354422 27.000
29.028269697 40.995195263 31.000
29.028269697 40.996036104 29.000
29.028269697 40.996876945 25.000
29.028269697 40.997717786 16.000
29.028269697 40.998558626 8.000
29.028269697 40.999399467 6.000
29.029098112 40.974174242 0.000
29.029098112 40.975015083 0.000
29.029098112 40.975855924 0.000
29.029098112 40.976696765 0.000
29.029098112 40.977537605 0.000
29.029098112 40.978378446 0.000
29.029098112 40.979219287 0.000
29.029098112 40.980060128 6.000
29.029098112 40.980900969 21.000
29.029098112 40.981741810 27.000
29.029098112 40.982582650 31.000
29.029098112 40.983423491 34.000
29.029098112 40.984264332 34.000
29.029098112 40.985105173 31.000
29.029098112 40.985946014 28.000
29.029098112 40.986786855 27.000
29.029098112 40.987627695 30.000
29.029098112 40.988468536 30.000
29.029098112 40.989309377 28.000
29.029098112 40.990150218 22.000
29.029098112 40.990991059 20.000
29.029098112 40.991831900 20.000
29.029098112 40.992672741 21.000
29.029098112 40.993513581 22.000
29.029098112 40.994354422 27.000
29.029098112 40.995195263 30.000
29.029098112 40.996036104 29.000
29.029098112 40.996876945 25.000
29.029098112 40.997717786 17.000
29.029098112 40.998558626 10.000
29.029098112 40.999399467 7.000
29.029926526 40.974174242 0.000
29.029926526 40.975015083 0.000
29.029926526 40.975855924 0.000
29.029926526 40.976696765 0.000
29.029926526 40.977537605 0.000
29.029926526 40.978378446 0.000
29.029926526 40.979219287 0.000
29.029926526 40.980060128 1.000
29.029926526 40.980900969 15.000
29.029926526 40.981741810 24.000
29.029926526 40.982582650 25.000
29.029926526 40.983423491 30.000
29.029926526 40.984264332 30.000
29.029926526 40.985105173 25.000
29.029926526 40.985946014 21.000
29.029926526 40.986786855 22.000
29.029926526 40.987627695 22.000
29.029926526 40.988468536 22.000
29.029926526 40.989309377 22.000
29.029926526 40.990150218 19.000
29.029926526 40.990991059 19.000
29.029926526 40.991831900 21.000
29.029926526 40.992672741 21.000
29.029926526 40.993513581 24.000
29.029926526 40.994354422 29.000
29.029926526 40.995195263 31.000
29.029926526 40.996036104 30.000
29.029926526 40.996876945 24.000
29.029926526 40.997717786 15.000
29.029926526 40.998558626 10.000
29.029926526 40.999399467 8.000
29.030754941 40.974174242 0.000
29.030754941 40.975015083 0.000
29.030754941 40.975855924 0.000
29.030754941 40.976696765 0.000
29.030754941 40.977537605 0.000
29.030754941 40.978378446 0.000
29.030754941 40.979219287 0.000
29.030754941 40.980060128 0.000
29.030754941 40.980900969 10.000
29.030754941 40.981741810 20.000
29.030754941 40.982582650 20.000
29.030754941 40.983423491 23.000
29.030754941 40.984264332 26.000
29.030754941 40.985105173 22.000
29.030754941 40.985946014 17.000
29.030754941 40.986786855 16.000
29.030754941 40.987627695 14.000
29.030754941 40.988468536 18.000
29.030754941 40.989309377 19.000
29.030754941 40.990150218 15.000
29.030754941 40.990991059 14.000
29.030754941 40.991831900 16.000
29.030754941 40.992672741 19.000
29.030754941 40.993513581 23.000
29.030754941 40.994354422 28.000
29.030754941 40.995195263 30.000
29.030754941 40.996036104 28.000
29.030754941 40.996876945 23.000
29.030754941 40.997717786 15.000
29.030754941 40.998558626 8.000
29.030754941 40.999399467 9.000
29.031583356 40.974174242 0.000
29.031583356 40.975015083 0.000
29.031583356 40.975855924 0.000
29.031583356 40.976696765 0.000
29.031583356 40.977537605 0.000
29.031583356 40.978378446 0.000
29.031583356 40.979219287 0.000
29.031583356 40.980060128 0.000
29.031583356 40.980900969 6.000
29.031583356 40.981741810 14.000
29.031583356 40.982582650 19.000
29.031583356 40.983423491 19.000
29.031583356 40.984264332 17.000
29.031583356 40.985105173 17.000
29.031583356 40.985946014 15.000
29.031583356 40.986786855 14.000
29.031583356 40.987627695 11.000
29.031583356 40.988468536 15.000
29.031583356 40.989309377 15.000
29.031583356 40.990150218 10.000
29.031583356 40.990991059 10.000
29.031583356 40.991831900 12.000
29.031583356 40.992672741 15.000
29.031583356 40.993513581 21.000
29.031583356 40.994354422 24.000
29.031583356 40.995195263 24.000
29.031583356 40.996036104 23.000
29.031583356 40.996876945 21.000
29.031583356 40.997717786 18.000
29.031583356 40.998558626 13.000
29.031583356 40.999399467 11.000
29.032411770 40.974174242 0.000
29.032411770 40.975015083 0.000
29.032411770 40.975855924 0.000
29.032411770 40.976696765 0.000
29.032411770 40.977537605 0.000
29.032411770 40.978378446 0.000
29.032411770 40.979219287 0.000
29.032411770 40.980060128 0.000
29.032411770 40.980900969 1.000
29.032411770 40.981741810 7.000
29.032411770 40.982582650 10.000
29.032411770 40.983423491 10.000
29.032411770 40.984264332 10.000
29.032411770 40.985105173 11.000
29.032411770 40.985946014 11.000
29.032411770 40.986786855 12.000
29.032411770 40.987627695 8.000
29.032411770 40.988468536 8.000
29.032411770 40.989309377 8.000
29.032411770 40.990150218 4.000
29.032411770 40.990991059 6.000
29.032411770 40.991831900 9.000
29.032411770 40.992672741 13.000
29.032411770 40.993513581 20.000
29.032411770 40.994354422 24.000
29.032411770 40.995195263 26.000
29.032411770 40.996036104 26.000
29.032411770 40.996876945 24.000
29.032411770 40.997717786 20.000
29.032411770 40.998558626 15.000
29.032411770 40.999399467 15.000
29.033240185 40.974174242 0.000
29.033240185 40.975015083 0.000
29.033240185 40.975855924 0.000
29.033240185 40.976696765 0.000
29.033240185 40.977537605 0.000
29.033240185 40.978378446 0.000
29.033240185 40.979219287 0.000
29.033240185 40.980060128 0.000
29.033240185 40.980900969 0.000
29.033240185 40.981741810 1.000
29.033240185 40.982582650 7.000
29.033240185 40.983423491 6.000
29.033240185 40.984264332 5.000
29.033240185 40.985105173 6.000
29.033240185 40.985946014 6.000
29.033240185 40.986786855 8.000
29.033240185 40.987627695 5.000
29.033240185 40.988468536 6.000
29.033240185 40.989309377 4.000
29.033240185 40.990150218 3.000
29.033240185 40.990991059 6.000
29.033240185 40.991831900 11.000
29.033240185 40.992672741 16.000
29.033240185 40.993513581 22.000
29.033240185 40.994354422 27.000
29.033240185 40.995195263 31.000
29.033240185 40.996036104 30.000
29.033240185 40.996876945 28.000
29.033240185 40.997717786 24.000
29.033240185 40.998558626 22.000
29.033240185 40.999399467 23.000
29.034068599 40.974174242 0.000
29.034068599 40.975015083 0.000
29.034068599 40.975855924 0.000
29.034068599 40.976696765 0.000
29.034068599 40.977537605 0.000
29.034068599 40.978378446 0.000
29.034068599 40.979219287 0.000
29.034068599 40.980060128 0.000
29.034068599 40.980900969 0.000
29.034068599 40.981741810 0.000
29.034068599 40.982582650 5.000
29.034068599 40.983423491 4.000
29.034068599 40.984264332 3.000
29.034068599 40.985105173 2.000
29.034068599 40.985946014 5.000
29.034068599 40.986786855 5.000
29.034068599 40.987627695 2.000
29.034068599 40.988468536 2.000
29.034068599 40.989309377 2.000
29.034068599 40.990150218 2.000
29.034068599 40.990991059 5.000
29.034068599 40.991831900 10.000
29.034068599 40.992672741 15.000
29.034068599 40.993513581 22.000
29.034068599 40.994354422 31.000
29.034068599 40.995195263 35.000
29.034068599 40.996036104 33.000
29.034068599 40.996876945 31.000
29.034068599 40.997717786 26.000
29.034068599 40.998558626 27.000
29.034068599 40.999399467 30.000
29.034897014 40.974174242 0.000
29.034897014 40.975015083 0.000
29.034897014 40.975855924 0.000
29.034897014 40.976696765 0.000
29.034897014 40.977537605 0.000
29.034897014 40.978378446 0.000
29.034897014 40.979219287 0.000
29.034897014 40.980060128 0.000
29.034897014 40.980900969 2.000
29.034897014 40.981741810 -1.000
29.034897014 40.982582650 0.000
29.034897014 40.983423491 0.000
29.034897014 40.984264332 0.000
29.034897014 40.985105173 1.000
29.034897014 40.985946014 3.000
29.034897014 40.986786855 3.000
29.034897014 40.987627695 2.000
29.034897014 40.988468536 2.000
29.034897014 40.989309377 3.000
29.034897014 40.990150218 3.000
29.034897014 40.990991059 4.000
29.034897014 40.991831900 8.000
29.034897014 40.992672741 12.000
29.034897014 40.993513581 21.000
29.034897014 40.994354422 32.000
29.034897014 40.995195263 38.000
29.034897014 40.996036104 36.000
29.034897014 40.996876945 33.000
29.034897014 40.997717786 29.000
29.034897014 40.998558626 31.000
29.034897014 40.999399467 34.000
29.035725429 40.974174242 0.000
29.035725429 40.975015083 0.000
29.035725429 40.975855924 0.000
29.035725429 40.976696765 0.000
29.035725429 40.977537605 0.000
29.035725429 40.978378446 0.000
29.035725429 40.979219287 0.000
29.035725429 40.980060128 0.000
29.035725429 40.980900969 4.000
29.035725429 40.981741810 -1.000
29.035725429 40.982582650 -1.000
29.035725429 40.983423491 -1.000
29.035725429 40.984264332 0.000
29.035725429 40.985105173 3.000
29.035725429 40.985946014 5.000
29.035725429 40.986786855 8.000
29.035725429 40.987627695 7.000
29.035725429 40.988468536 3.000
29.035725429 40.989309377 4.000
29.035725429 40.990150218 5.000
29.035725429 40.990991059 7.000
29.035725429 40.991831900 9.000
29.035725429 40.992672741 9.000
29.035725429 40.993513581 14.000
29.035725429 40.994354422 25.000
29.035725429 40.995195263 34.000
29.035725429 40.996036104 34.000
29.035725429 40.996876945 33.000
29.035725429 40.997717786 33.000
29.035725429 40.998558626 34.000
29.035725429 40.999399467 37.000
29.036553843 40.974174242 0.000
29.036553843 40.975015083 0.000
29.036553843 40.975855924 0.000
29.036553843 40.976696765 0.000
29.036553843 40.977537605 0.000
29.036553843 40.978378446 0.000
29.036553843 40.979219287 0.000
29.036553843 40.980060128 4.000
29.036553843 40.980900969 3.000
29.036553843 40.981741810 2.000
29.036553843 40.982582650 4.000
29.036553843 40.983423491 5.000
29.036553843 40.984264332 1.000
29.036553843 40.985105173 7.000
29.036553843 40.985946014 6.000
29.036553843 40.986786855 7.000
29.036553843 40.987627695 5.000
29.036553843 40.988468536 4.000
29.036553843 40.989309377 5.000
29.036553843 40.990150218 6.000
29.036553843 40.990991059 8.000
29.036553843 40.991831900 11.000
29.036553843 40.992672741 8.000
29.036553843 40.993513581 9.000
29.036553843 40.994354422 15.000
29.036553843 40.995195263 23.000
29.036553843 40.996036104 28.000
29.036553843 40.996876945 33.000
29.036553843 40.997717786 37.000
29.036553843 40.998558626 36.000
29.036553843 40.999399467 39.000
29.037382258 40.974174242 0.000
29.037382258 40.975015083 0.000
29.037382258 40.975855924 0.000
29.037382258 40.976696765 0.000
29.037382258 40.977537605 0.000
29.037382258 40.978378446 0.000
29.037382258 40.979219287 0.000
29.037382258 40.980060128 2.000
29.037382258 40.980900969 3.000
29.037382258 40.981741810 4.000
29.037382258 40.982582650 7.000
29.037382258 40.983423491 10.000
29.037382258 40.984264332 8.000
29.037382258 40.985105173 6.000
29.037382258 40.985946014 4.000
29.037382258 40.986786855 4.000
29.037382258 40.987627695 4.000
29.037382258 40.988468536 5.000
29.037382258 40.989309377 4.000
29.037382258 40.990150218 6.000
29.037382258 40.990991059 10.000
29.037382258 40.991831900 8.000
29.037382258 40.992672741 7.000
29.037382258 40.993513581 8.000
29.037382258 40.994354422 10.000
29.037382258 40.995195263 18.000
29.037382258 40.996036104 27.000
29.037382258 40.996876945 36.000
29.037382258 40.997717786 39.000
29.037382258 40.998558626 40.000
29.037382258 40.999399467 42.000
29.038210672 40.974174242 2.000
29.038210672 40.975015083 0.000
29.038210672 40.975855924 0.000
29.038210672 40.976696765 0.000
29.038210672 40.977537605 0.000
29.038210672 40.978378446 0.000
29.038210672 40.979219287 0.000
29.038210672 40.980060128 3.000
29.038210672 40.980900969 3.000
29.038210672 40.981741810 5.000
29.038210672 40.982582650 7.000
29.038210672 40.983423491 10.000
29.038210672 40.984264332 8.000
29.038210672 40.985105173 5.000
29.038210672 40.985946014 5.000
29.038210672 40.986786855 3.000
29.038210672 40.987627695 5.000
29.038210672 40.988468536 5.000
29.038210672 40.989309377 5.000
29.038210672 40.990150218 9.000
29.038210672 40.990991059 7.000
29.038210672 40.991831900 5.000
29.038210672 40.992672741 6.000
29.038210672 40.993513581 8.000
29.038210672 40.994354422 9.000
29.038210672 40.995195263 15.000
29.038210672 40.996036104 29.000
29.038210672 40.996876945 37.000
29.038210672 40.997717786 42.000
29.038210672 40.998558626 44.000
29.038210672 40.999399467 45.000
29.039039087 40.974174242 5.000
29.039039087 40.975015083 2.000
29.039039087 40.975855924 0.000
29.039039087 40.976696765 0.000
29.039039087 40.977537605 1.000
29.039039087 40.978378446 1.000
29.039039087 40.979219287 1.000
29.039039087 40.980060128 5.000
29.039039087 40.980900969 4.000
29.039039087 40.981741810 6.000
29.039039087 40.982582650 8.000
29.039039087 40.983423491 9.000
29.039039087 40.984264332 8.000
29.039039087 40.985105173 11.000
29.039039087 40.985946014 10.000
29.039039087 40.986786855 6.000
29.039039087 40.987627695 7.000
29.039039087 40.988468536 10.000
29.039039087 40.989309377 12.000
29.039039087 40.990150218 10.000
29.039039087 40.990991059 4.000
29.039039087 40.991831900 6.000
29.039039087 40.992672741 7.000
29.039039087 40.993513581 9.000
29.039039087 40.994354422 12.000
29.039039087 40.995195263 15.000
29.039039087 40.996036104 29.000
29.039039087 40.996876945 37.000
29.039039087 40.997717786 40.000
29.039039087 40.998558626 43.000
29.039039087 40.999399467 46.000
